1 0.53734375 0.396484375 0.015312499999999929 0.0234375
0 0.3906875 0.289609375 0.03500000000000001 0.030390625000000004
0 0.17590625 0.17578125 0.025499999999999988 0.023749999999999993
0 0.57440625 0.9334375 0.025999999999999978 0.05039062499999991
0 0.7560625 0.8754296875 0.051156250000000014 0.021132812500000098
0 0.533875 0.929375 0.03771874999999998 0.031445312500000044
0 0.20071875 0.926640625 0.03209375000000001 0.018437500000000107
0 0.10275000000000001 0.8748828125 0.02515624999999999 0.024375000000000036
0 0.90703125 0.293359375 0.0140625 0.017968749999999978
0 0.6740625 0.5559765625 0.025125000000000064 0.022578124999999893
0 0.6591875 0.676796875 0.03434375000000003 0.09406249999999994