1 0.66184375 0.3926953125 0.018187499999999978 0.022734374999999973
0 0.5064375 0.306015625 0.04243749999999995 0.029257812500000036
0 0.37159375 0.9628125 0.031218750000000028 0.01644531249999992
0 0.745375 0.9359765625 0.024874999999999935 0.015234374999999911
0 0.91921875 0.8415234375 0.04974999999999987 0.02499999999999991
0 0.27275 0.92421875 0.024593750000000015 0.024062500000000098
0 0.30359375 0.8184375 0.026374999999999992 0.016484375000000107
0 0.8120625 0.53265625 0.0239374999999999 0.018750000000000044
0 0.70759375 0.535546875 0.010718750000000022 0.020078124999999947
0 0.193 0.311796875 0.03128125000000002 0.03554687499999998
0 0.28628125 0.22515625 0.027500000000000035 0.02855468750000001
0 0.10184375000000001 0.5832421875 0.011843750000000009 0.01796875000000009