1 0.4995 0.563125 0.016499999999999914 0.020859374999999902
0 0.54396875 0.0203125 0.01996874999999996 0.033515625
0 0.60528125 0.01640625 0.02053124999999998 0.0328125
0 0.98178125 0.17078125 0.0364374999999999 0.043515625
0 0.86434375 0.45984375 0.01875 0.020312499999999956
0 0.9329062499999999 0.5450390625 0.02418750000000003 0.014570312500000071
0 0.3508125 0.455703125 0.043343750000000014 0.03207031250000003
0 0.13984375 0.3442578125 0.029312499999999984 0.025937499999999947
0 0.03603125 0.419453125 0.04031250000000001 0.02824218749999996
0 0.18425 0.673984375 0.022812499999999993 0.01585937500000001
0 0.63428125 0.7244140625 0.02365624999999998 0.01742187499999992
0 0.6207499999999999 0.840390625 0.03465624999999992 0.09402343749999997