1 0.42821875 0.6248046875 0.015093749999999951 0.01796875000000009
0 0.35259375 0.3507421875 0.04587500000000002 0.027695312500000013
0 0.52796875 0.4746875 0.07806250000000006 0.021093750000000022
0 0.57175 0.3942578125 0.024249999999999973 0.03558593750000005
0 0.6018125000000001 0.196484375 0.05906249999999993 0.03296874999999999
0 0.21600000000000003 0.5409765625 0.01634374999999997 0.027031250000000062
0 0.7123125 0.9751171875 0.04165624999999995 0.048789062500000036
0 0.713375 0.6609375 0.040625 0.06394531250000002
0 0.91275 0.7637890625 0.012124999999999986 0.019101562499999947
0 0.9855 0.692265625 0.028968749999999942 0.0263671875
0 0.9549375 0.3698828125 0.024781249999999845 0.0263671875
0 0.7558125 0.838984375 0.01793750000000003 0.02042968750000007
0 0.4913125 0.854453125 0.030062500000000013 0.023749999999999938