1 0.36531250000000004 0.6296875 0.015625 0.020312499999999956
0 0.30790625 0.35015625 0.0444375 0.024687499999999973
0 0.62175 0.928359375 0.04584375000000005 0.05242187500000006
0 0.47596875 0.49175781249999995 0.07565624999999994 0.01851562499999998
0 0.46293749999999995 0.4642578125 0.07618749999999999 0.019804687499999973
0 0.9404375 0.3669140625 0.046812500000000055 0.03179687499999995
0 0.9904999999999999 0.877734375 0.019000000000000128 0.0423437499999999
0 0.8948124999999999 0.8546875 0.05384375000000006 0.053671875000000036
0 0.9791874999999999 0.9785546875 0.02418750000000003 0.04289062500000007
0 0.9072812499999999 0.9747265625 0.01843749999999993 0.014687499999999964
0 0.64696875 0.6965234375 0.04584375000000005 0.056601562500000036