1 0.3309375 0.625 0.015000000000000036 0.01796875000000009
0 0.25559375 0.35078125 0.044062499999999984 0.025859375000000018
0 0.4765 0.3925 0.025375000000000016 0.04085937500000003
0 0.43981250000000005 0.475078125 0.06271874999999998 0.01749999999999996
0 0.61665625 0.9676953125 0.04937500000000004 0.05339843750000006
0 0.97884375 0.799609375 0.042312499999999885 0.04421874999999997
0 0.68675 0.5159765625 0.08009374999999999 0.04253906249999995
0 0.8809374999999999 0.2936328125 0.050718750000000055 0.04171875000000003
0 0.21121875 0.2823828125 0.06475 0.04253906250000006
0 0.03303125 0.5739453125 0.0166875 0.026679687499999938
0 0.052375000000000005 0.5773046875 0.013999999999999995 0.028359374999999964