1 0.35640625 0.383671875 0.019875000000000042 0.020117187500000022
0 0.27765625 0.11125 0.04628125000000001 0.03410156249999999
0 0.23078125 0.0378125 0.0711875 0.03855468749999999
0 0.9193125 0.24289062500000003 0.02312499999999993 0.018554687500000028
0 0.9122187500000001 0.050820312500000006 0.04212500000000006 0.033359375000000004
0 0.9900625 0.553984375 0.019875000000000042 0.03410156250000007
0 0.9850312499999999 0.66671875 0.029937500000000127 0.07121093750000007
0 0.6443125000000001 0.7253125 0.04865624999999998 0.04746093749999991
0 0.7706875 0.8258203125 0.01899999999999995 0.030390624999999893
0 0.5980624999999999 0.9407421875 0.033218749999999984 0.03335937500000008
0 0.463375 0.896640625 0.049843749999999964 0.02816406249999992
0 0.479375 0.9544921875 0.01662499999999998 0.020781249999999973
0 0.1928125 0.93703125 0.06171875 0.0318750000000001
0 0.44053125 0.2080078125 0.07296875000000007 0.0185546875