1 0.33046875 0.6244140625 0.015937499999999983 0.020703125000000044
0 0.25346875 0.351328125 0.046218749999999975 0.02726562499999996
0 0.43571875000000004 0.4724609375 0.06803124999999995 0.024062499999999987
0 0.61571875 0.9721875 0.04812499999999993 0.04972656250000007
0 0.977 0.8009375 0.04428124999999987 0.04089843750000011
0 0.21034375 0.28015625 0.07109375 0.0380859375
0 0.6576875 0.83703125 0.018062499999999915 0.021757812499999973
0 0.396875 0.856796875 0.03287499999999999 0.02578125000000009
0 0.8830625 0.5714453125 0.0393437500000001 0.04351562499999995
0 0.8982187500000001 0.295390625 0.08512500000000003 0.03464843750000002
0 0.90175 0.7241015625 0.014781250000000056 0.017773437500000044
0 0.96225 0.9059375 0.03237500000000004 0.0589453124999999