1 0.1296875 0.4705078125 0.0125 0.016015624999999978
0 0.10293749999999999 0.181640625 0.045656249999999995 0.025976562500000022
0 0.24521874999999999 0.31984375 0.06743749999999996 0.029804687499999982
0 0.26956250000000004 0.35375 0.096875 0.03550781250000001
0 0.3154375 0.2805078125 0.025343750000000043 0.03488281250000003
0 0.35146875 0.886875 0.044625000000000005 0.05199218750000001
0 0.07203125 0.913203125 0.0213125 0.022187500000000027
0 0.23531249999999998 0.9852734375 0.026374999999999992 0.029414062499999893
0 0.15240625000000002 0.7169921875 0.026874999999999982 0.026640624999999973
0 0.73334375 0.8165234375 0.04056250000000006 0.04058593749999995
0 0.65890625 0.6855859375 0.030406250000000058 0.0224609375
0 0.9095000000000001 0.4355078125 0.027312500000000028 0.024804687499999978
0 0.40328125000000004 0.585078125 0.05309375000000003 0.05312500000000009