1 0.37328125 0.4080078125 0.0140625 0.017578125
0 0.15915625 0.32875 0.017125000000000012 0.031367187500000004
0 0.29578125 0.133359375 0.04165625000000004 0.02710937499999999
0 0.209375 0.9576953125 0.05250000000000001 0.029960937500000062
0 0.023375 0.9727734375 0.04675 0.05441406250000003
0 0.4795 0.923125 0.04734374999999993 0.02921875000000007
0 0.6146874999999999 0.9633984375 0.034812499999999955 0.03281249999999991
0 0.6500625 0.8903125 0.03365624999999994 0.02351562499999993
0 0.66203125 0.7533984375 0.046218750000000065 0.05207031249999994
0 0.9133437499999999 0.5651171875 0.057062499999999974 0.04777343750000007
0 0.96640625 0.6681640625 0.02624999999999993 0.025664062499999973
0 0.47578125 0.25421875 0.07531250000000007 0.022109374999999987