1 0.6840625 0.35703125 0.01750000000000007 0.018750000000000044
0 0.3314375 0.9919140625 0.03956249999999999 0.016132812499999982
0 0.11096874999999999 0.5251953125 0.03024999999999999 0.01781250000000001
0 0.6380625 0.0716015625 0.041281249999999936 0.021523437499999992
0 0.8061875000000001 0.223671875 0.06784375000000002 0.025820312499999998
0 0.8558125000000001 0.1459375 0.02753124999999983 0.035039062499999996
0 0.7894687499999999 0.196640625 0.07078124999999993 0.022109374999999987
0 0.70490625 0.068828125 0.02949999999999999 0.03687499999999999
0 0.9305312499999999 0.7496484375 0.042281249999999916 0.05285156249999989
0 0.86171875 0.953046875 0.03046875 0.033164062500000036
0 0.7398125 0.9462890625 0.015718749999999913 0.018437500000000107
0 0.45421875 0.861796875 0.037374999999999936 0.01781250000000001
0 0.27168749999999997 0.8459375 0.06465625 0.04828125000000005