1 0.40734375 0.458671875 0.018687500000000013 0.0224609375
0 0.9671875 0.68453125 0.01543750000000017 0.033164062500000036
0 0.906125 0.58 0.030249999999999843 0.02621093749999992
0 0.92246875 0.5472265625 0.014812500000000029 0.02546874999999993
0 0.8938750000000001 0.508984375 0.014624999999999843 0.017070312500000018
0 0.8909375 0.4526171875 0.010718749999999843 0.01644531250000003
0 0.9845625 0.42 0.01659374999999983 0.02074218750000001
0 0.56753125 0.783046875 0.026062499999999923 0.04246093750000002
0 0.89196875 0.6983203125 0.02421875 0.017460937500000107
0 0.6755 0.56359375 0.012093750000000014 0.021523437499999964
0 0.6086875 0.7160546875 0.012562499999999944 0.02269531250000001
0 0.49506249999999996 0.801796875 0.02368749999999995 0.020195312500000062
0 0.08528125 0.80953125 0.019906249999999993 0.016796875000000044