1 0.37340625 0.61890625 0.02056250000000004 0.026093750000000027
0 0.92553125 0.8813671875 0.011937500000000156 0.032265624999999964
0 0.8862187499999999 0.74140625 0.013500000000000156 0.026015625000000098
0 0.86675 0.770546875 0.0208124999999999 0.021679687500000044
0 0.9748749999999999 0.7219140625 0.009625000000000128 0.015898437499999973
0 0.67503125 0.7491015625 0.024281249999999942 0.015429687499999956
0 0.521625 0.9533984375 0.02890625 0.03468749999999998
0 0.18671875 0.665546875 0.036625 0.01976562500000001
0 0.313125 0.42921875 0.021187500000000005 0.02410156249999995
0 0.56546875 0.8908203125 0.009468749999999915 0.019843749999999938
0 0.8292187500000001 0.6779296875 0.02156249999999993 0.033203125
0 0.9496874999999999 0.61640625 0.016874999999999928 0.015625