1 0.45625 0.49166666666666664 0.01875 0.041666666666666664
0 0.32687499999999997 0.8019166666666667 0.05093750000000004 0.058750000000000094
0 0.24006249999999998 0.7996666666666666 0.11056249999999998 0.06566666666666662
0 0.3160625 0.6649166666666667 0.015562499999999969 0.03341666666666659
0 0.459375 0.69775 0.02762499999999992 0.04375
0 0.5004375 0.6510833333333333 0.05787499999999994 0.03800000000000002
0 0.66625 0.6315000000000001 0.07168749999999999 0.03341666666666659
0 0.6601874999999999 0.57625 0.03368749999999991 0.03566666666666667
0 0.695125 0.5354166666666667 0.025937500000000037 0.04141666666666666
0 0.953375 0.8238333333333333 0.05524999999999984 0.031083333333333248
0 0.7810625 0.57625 0.031937500000000084 0.024166666666666715