0 0.4246875 0.6945833333333333 0.055625000000000036 0.03250000000000005
0 0.3946875 0.7487499999999999 0.01937500000000001 0.04583333333333333
0 0.26749999999999996 0.8725 0.057500000000000016 0.04666666666666662
0 0.18843749999999998 0.8804166666666667 0.09437499999999999 0.05416666666666667
0 0.5865625 0.6529166666666666 0.059375 0.030833333333333237
0 0.5862499999999999 0.6012500000000001 0.030000000000000072 0.044166666666666764
0 0.6125 0.5479166666666667 0.028749999999999963 0.050833333333333286
0 0.7 0.5820833333333333 0.024125000000000084 0.03125
1 0.3756875 0.5463333333333333 0.020687500000000015 0.034749999999999955
0 0.8869374999999999 0.79625 0.07325000000000018 0.03841666666666678
0 0.5650625 0.22549999999999998 0.025500000000000078 0.03625000000000001
0 0.8338125 0.48233333333333334 0.024687499999999928 0.031833333333333276