1 0.42781250000000004 0.5625 0.02312499999999993 0.03833333333333329
0 0.30924999999999997 0.8751666666666666 0.04787499999999998 0.04899999999999996
0 0.23112499999999997 0.8803333333333333 0.0998125 0.059583333333333384
0 0.4379375 0.7654166666666666 0.019937499999999986 0.04041666666666662
0 0.47225 0.7148333333333333 0.051875000000000074 0.030833333333333237
0 0.9404999999999999 0.8388333333333333 0.051125000000000045 0.02766666666666661
0 0.6431250000000001 0.6823333333333333 0.07262500000000002 0.029833333333333437
0 0.66825 0.5775 0.031937500000000084 0.05858333333333334
0 0.7516875 0.6158333333333333 0.026374999999999992 0.026583333333333313
0 0.6383125 0.627 0.03275000000000006 0.04041666666666662
