1 0.359375 0.6216666666666666 0.022499999999999964 0.03333333333333333
0 0.24737499999999998 0.9335833333333333 0.05800000000000001 0.0600833333333334
0 0.1586875 0.9309166666666666 0.11124999999999999 0.06733333333333344
0 0.37706249999999997 0.8225833333333333 0.03068749999999998 0.04733333333333339
0 0.40774999999999995 0.7739166666666667 0.05800000000000001 0.031833333333333276
0 0.5701875000000001 0.6869999999999999 0.03068749999999998 0.04183333333333342
0 0.6033125 0.6346666666666666 0.030000000000000072 0.05916666666666662
0 0.8779999999999999 0.8876666666666666 0.044375000000000143 0.029999999999999954
0 0.5756875 0.7398333333333333 0.06618750000000002 0.02908333333333341
0 0.6846875 0.6758333333333333 0.025624999999999964 0.02666666666666657
0 0.8234375 0.5783333333333334 0.02437499999999986 0.025