1 0.35171874999999997 0.6169921875 0.013437500000000036 0.020703125000000044
0 0.51459375 0.1407421875 0.03456250000000001 0.0146484375
0 0.167375 0.94203125 0.031625000000000014 0.03449218749999994
0 0.337375 0.994921875 0.03650000000000002 0.010156250000000089
0 0.26603125 0.765859375 0.01796875 0.02449218749999993
0 0.3365625 0.777421875 0.038124999999999964 0.03269531250000002
0 0.5923125 0.3595703125 0.04287500000000009 0.024375000000000036
0 0.23946874999999998 0.866875 0.021937500000000033 0.030781249999999982
0 0.295375 0.846796875 0.03853125000000004 0.030781249999999982
0 0.0043124999999999995 0.9741015625 0.008624999999999999 0.022890625000000053
0 0.9337500000000001 0.907578125 0.03137499999999989 0.04964843749999992