1 0.59265625 0.4939843749999999 0.01328125 0.016601562499999944
0 0.566875 0.6487890625 0.03981250000000003 0.03667968749999995
0 0.5036562499999999 0.62609375 0.03631250000000001 0.02792968749999991
0 0.41703124999999996 0.681953125 0.043312500000000045 0.02792968749999991
0 0.22703125000000002 0.7972265625 0.016750000000000043 0.020937500000000053
0 0.9231562500000001 0.9544140625 0.0174687500000001 0.03492187499999999
0 0.85678125 0.265 0.046812500000000055 0.020078124999999947
0 0.7935625 0.0331640625 0.04053125000000009 0.017460937499999996
0 0.8539687499999999 0.3794140625 0.042624999999999955 0.028828124999999982
0 0.0225625 0.31453125 0.045125 0.019921874999999978
0 0.155 0.938671875 0.04249999999999998 0.030468750000000044
0 0.033124999999999995 0.978125 0.05125 0.018750000000000044
0 0.38493750000000004 0.7850390625 0.035781249999999966 0.04207031249999993
0 0.5120312499999999 0.711171875 0.023906249999999928 0.027539062500000044
0 0.46296875000000004 0.7257421875 0.017624999999999957 0.0283203125
0 0.5656875 0.8713671875 0.06612500000000007 0.030742187500000018
0 0.9400625 0.977265625 0.011812499999999915 0.03839843749999994
0 0.43340625 0.796875 0.019406249999999937 0.018867187499999938