1 0.37328125 0.4087890625 0.011562499999999965 0.013671875
0 0.9534375 0.698984375 0.037968749999999926 0.04523437499999994
0 0.28925 0.55734375 0.01959375000000003 0.025937499999999947
0 0.1870625 0.73015625 0.039749999999999994 0.04078124999999999
0 0.78240625 0.05765625 0.035812500000000025 0.03183593750000001
0 0.6155625 0.1509375 0.04671874999999996 0.02124999999999999
0 0.73190625 0.82109375 0.01715625000000003 0.03738281249999997
0 0.8510937500000001 0.7913671875 0.02206249999999983 0.0318750000000001
0 0.02834375 0.76171875 0.011343749999999996 0.02124999999999999
0 0.938375 0.6408203125 0.07131250000000015 0.05945312500000011
0 0.35846875 0.569765625 0.04384375 0.0380859375
0 0.26103125 0.657265625 0.018156250000000006 0.02937499999999993
0 0.21059375 0.6172265625 0.038968749999999996 0.032031249999999956
0 0.25596874999999997 0.7466015625 0.05728124999999995 0.05777343750000008
0 0.8115937499999999 0.8523828125 0.026875000000000072 0.03750000000000009
0 0.7681250000000001 0.8595703125 0.05959374999999998 0.06867187499999994