1 0.5446875 0.5896484375 0.014375000000000072 0.01914062499999991
0 0.46428125 0.7327734375 0.03093749999999993 0.03249999999999997
0 0.79203125 0.3342578125 0.04271874999999996 0.0185546875
0 0.7098125 0.1134765625 0.04106249999999996 0.01414062499999999
0 0.35296875 0.9025 0.038093749999999996 0.04019531250000008
0 0.430875 0.8332421875 0.022499999999999964 0.03406250000000011
0 0.196125 0.933359375 0.017249999999999988 0.02156249999999993
0 0.48362499999999997 0.8165625 0.03631250000000001 0.027539062500000044
0 0.9975937500000001 0.98359375 0.004781249999999915 0.029765625000000018
0 0.7980937499999999 0.4492578125 0.04934374999999998 0.023242187499999956
0 0.608 0.9815625 0.02887500000000003 0.01585937500000001
0 0.526 0.9696484375 0.03696874999999995 0.018046875000000018