1 0.407625 0.5297265625 0.013906249999999964 0.017773437500000044
0 0.9849062500000001 0.8414453125 0.027906249999999844 0.0484765625000001
0 0.32203125 0.673515625 0.01996874999999996 0.02066406250000008
0 0.2145 0.84109375 0.043343750000000014 0.044921875
0 0.0228125 0.79796875 0.045625 0.03136718749999989
0 0.5856874999999999 0.05765624999999999 0.036781249999999946 0.011289062499999995
0 0.65803125 0.2826171875 0.041593750000000006 0.01960937500000004
0 0.662875 0.3952734375 0.04399999999999995 0.0263671875
0 0.76003125 0.9587890625 0.014031250000000028 0.03640624999999997
0 0.778125 0.98046875 0.01875 0.0390625
0 0.8827187500000001 0.937890625 0.01671875000000007 0.020234375000000027
0 0.39175 0.6894140625 0.03934375000000001 0.03347656249999997
0 0.29284374999999996 0.7710546875 0.01640625 0.027304687500000036
0 0.38656250000000003 0.9083203125 0.042062500000000023 0.017773437500000044
0 0.05625 0.86640625 0.013125000000000003 0.02425781249999992