0 0.562 0.5232499999999999 0.03068749999999998 0.02549999999999996
0 0.78175 0.5214166666666666 0.027999999999999935 0.02908333333333329
0 0.540875 0.36174999999999996 0.022499999999999964 0.022750000000000034
0 0.6913125 0.435 0.051875000000000074 0.02908333333333329
0 0.35762499999999997 0.2520833333333333 0.021812499999999967 0.02733333333333334
0 0.5551875 0.28841666666666665 0.01843749999999993 0.030916666666666613
0 0.4463125 0.24433333333333335 0.02318750000000005 0.03366666666666666
0 0.397875 0.34941666666666665 0.023187500000000007 0.02550000000000002
0 0.56575 0.46725 0.021812500000000058 0.022750000000000034
0 0.60325 0.574 0.026187499999999985 0.022416666666666647
0 0.8385 0.557 0.02531250000000007 0.025833333333333285
0 0.7674375 0.9447500000000001 0.023062499999999986 0.028833333333333398
0 0.614375 0.7258333333333333 0.02681249999999995 0.03175000000000002