0 0.394125 0.32008333333333333 0.02799999999999998 0.027416666666666718
0 0.343375 0.3155833333333333 0.019937499999999986 0.026000000000000037
0 0.2573125 0.31816666666666665 0.019625000000000004 0.02866666666666665
0 0.595875 0.5168333333333334 0.024312499999999914 0.024916666666666625
0 0.6729375 0.60525 0.03456250000000001 0.03241666666666655
0 0.928875 0.5516666666666666 0.04018750000000004 0.024916666666666743
0 0.4170625 0.8125833333333333 0.03268749999999994 0.0211666666666666
0 0.8699999999999999 0.32066666666666666 0.0270624999999999 0.03608333333333332
0 0.6575624999999999 0.46699999999999997 0.033624999999999974 0.024916666666666625
0 0.7238749999999999 0.37233333333333335 0.018687500000000058 0.037333333333333364
0 0.42993750000000003 0.4375 0.019937499999999986 0.019166666666666644
0 0.457 0.5423333333333333 0.01662499999999998 0.02308333333333336
0 0.7273125 0.6370833333333333 0.023312499999999937 0.0225833333333334