1 0.5549107142857143 0.853125 0.01160714285714279 0.014062500000000089
0 0.5492857142857143 0.794140625 0.04017857142857143 0.014062500000000089
0 0.517797619047619 0.566796875 0.022767857142857076 0.02695312499999991
0 0.24985119047619048 0.60984375 0.014732142857142824 0.019335937499999956
0 0.33401785714285714 0.6151171875 0.01428571428571432 0.01699218750000009
0 0.08282738095238094 0.3091796875 0.033482142857142856 0.016992187499999978
0 0.26419642857142855 0.281640625 0.01232142857142853 0.021367187499999996
0 0.31005952380952384 0.1490234375 0.026190476190476226 0.013554687499999996
0 0.40434523809523815 0.1094140625 0.022619047619047688 0.014570312499999988
0 0.6608928571428572 0.0725390625 0.030327380952380946 0.017460937499999996
0 0.8658035714285715 0.2908203125 0.03517857142857158 0.016484374999999996
0 0.8380952380952381 0.420703125 0.015476190476190612 0.025273437499999996