1 0.17857142857142858 0.539140625 0.014583333333333351 0.019257812500000027
0 0.37833333333333335 0.9071484375 0.0285714285714286 0.01773437500000008
0 0.13657738095238095 0.7980078125 0.01666666666666665 0.030742187500000018
0 0.3155059523809524 0.4676171875 0.03175595238095234 0.021757812499999973
0 0.17627976190476188 0.4810546875 0.04410714285714288 0.013437499999999991
0 0.12104166666666667 0.1933984375 0.040238095238095226 0.016210937500000022
0 0.14205357142857142 0.253828125 0.025059523809523816 0.04355468750000002
0 0.3190476190476191 0.111875 0.011994047619047623 0.012500000000000011
0 0.4694047619047619 0.1130078125 0.023303571428571382 0.029648437500000013
0 0.8749107142857143 0.269609375 0.062827380952381 0.023164062500000027
0 0.6345535714285715 0.9819921875 0.043005952380952346 0.021171875000000062