1 0.4375 0.525 0.025 0.03333333333333333
0 0.7658125 0.9785 0.07525000000000004 0.03408333333333336
0 0.8563124999999999 0.8929166666666667 0.019187499999999958 0.025583333333333277
0 0.2129375 0.6505833333333333 0.046875 0.0274166666666666
0 0.1575625 0.5148333333333334 0.024124999999999997 0.03599999999999994
0 0.8971875 0.5770833333333333 0.016874999999999928 0.030833333333333237
0 0.5509375000000001 0.26958333333333334 0.04437499999999996 0.027499999999999976
0 0.313125 0.3670833333333333 0.04249999999999998 0.022500000000000023
0 0.08975 0.29091666666666666 0.030874999999999996 0.030416666666666713
0 0.2865625 0.5008333333333334 0.026874999999999982 0.02333333333333331
0 0.4378125 0.34750000000000003 0.046875 0.03333333333333333