1 0.45918749999999997 0.6051666666666667 0.025 0.03333333333333333
0 0.9134375 0.8908333333333334 0.028125 0.034999999999999906
0 0.8378125000000001 0.98375 0.07062500000000008 0.024166666666666715
0 0.178125 0.6337499999999999 0.02749999999999999 0.027500000000000094
0 0.258125 0.7866666666666667 0.03125 0.08333333333333333
0 0.16875 0.4341666666666667 0.020000000000000018 0.025
0 0.304375 0.6054166666666667 0.023749999999999983 0.030833333333333237
0 0.55525 0.33791666666666664 0.053749999999999964 0.020250000000000056
0 0.8565625000000001 0.577 0.019375000000000142 0.025833333333333285
0 0.4359375 0.4370833333333334 0.034375 0.024166666666666715
0 0.319375 0.4670833333333333 0.03875000000000002 0.022500000000000023