1 0.403125 0.5091666666666667 0.026249999999999975 0.03333333333333333
0 0.8015625 0.9379166666666666 0.016874999999999928 0.035833333333333425
0 0.82875 0.9758333333333333 0.02124999999999986 0.02166666666666662
0 0.18625 0.6120833333333333 0.020000000000000018 0.10250000000000009
0 0.5434375 0.2833333333333333 0.04312500000000004 0.025
0 0.1275 0.4408333333333333 0.02250000000000001 0.02166666666666662
0 0.061875 0.6783333333333333 0.017500000000000005 0.029999999999999954
0 0.97775 0.9345833333333334 0.044500000000000026 0.13083333333333325
0 0.9571875000000001 0.7191666666666666 0.03562499999999993 0.036666666666666715
0 0.6746875 0.4825 0.016874999999999928 0.02166666666666662
0 0.5021875 0.6904166666666666 0.09312500000000004 0.027500000000000094